0001 90
0002 55
0003 24
0004 86
0005 94
0006 72
0007 8
0008 44
0009 40
0010 11
0011 17
0012 14
0013 28
0014 79
0015 68
0016 50
0017 33
0018 1
0019 72
0020 37
0021 59
0022 93
0023 54
0024 78
0025 53
0026 6
0027 80
0028 72
0029 65
0030 96
0031 28
0032 27
0033 67
0034 71
0035 7
0036 50
0037 3
0038 3
0039 24
0040 55
0041 40
0042 85
0043 52
0044 35
0045 55
0046 96
0047 60
0048 2
0049 90
0050 15
0051 24
0052 41
0053 15
0054 26
0055 71
0056 58
0057 46
0058 74
0059 22
0060 15
0061 1
0062 86
0063 30
0064 61
0065 71
0066 91
0067 33
0068 32
0069 26
0070 40
0071 69
0072 38
0073 95
0074 7
0075 0
0076 1
0077 28
0078 26
0079 50
0080 62
0081 63
0082 79
0083 44
0084 57
0085 83
0086 64
0087 0
0088 59
0089 80
0090 7
0091 93
0092 61
0093 94
0094 29
0095 35
0096 59
0097 75
0098 32
0099 92
0100 34
0101 60
0102 41
0103 10
0104 0
0105 60
0106 92
0107 98
0108 33
0109 73
0110 39
0111 70
0112 6
0113 23
0114 100
0115 96
0116 67
0117 13
0118 3
0119 4
0120 68
0121 48
0122 63
0123 67
0124 49
0125 79
0126 74
0127 20
0128 89
0129 67
0130 37
0131 52
0132 88
0133 30
0134 39
0135 59
0136 50
0137 22
0138 56
0139 92
0140 67
0141 98
0142 76
0143 89
0144 35
0145 38
0146 56
0147 71
0148 15
0149 55
0150 36
0151 10
0152 12
0153 31
0154 43
0155 23
0156 6
0157 97
0158 96
0159 27
0160 66
0161 47
0162 28
0163 4
0164 15
0165 41
0166 7
0167 86
0168 25
0169 84
0170 70
0171 3
0172 33
0173 25
0174 11
0175 62
0176 64
0177 89
0178 57
0179 8
0180 32
0181 25
0182 20
0183 73
0184 94
0185 47
0186 69
0187 86
0188 96
0189 43
0190 8
0191 95
0192 84
0193 98
0194 97
0195 38
0196 90
0197 1
0198 60
0199 77
0200 10
0201 69
0202 89
0203 32
0204 31
0205 14
0206 21
0207 70
0208 23
0209 90
0210 32
0211 19
0212 16
0213 48
0214 73
0215 29
0216 9
0217 30
0218 22
0219 65
0220 92
0221 2
0222 75
0223 7
0224 71
0225 78
0226 4
0227 44
0228 85
0229 59
0230 6
0231 93
0232 8
0233 73
0234 31
0235 94
0236 79
0237 88
0238 95
0239 24
0240 78
0241 35
0242 37
0243 94
0244 28
0245 50
0246 60
0247 18
0248 47
0249 83
0250 6
0251 44
0252 43
0253 82
0254 37
0255 16
0256 58
0257 64
0258 82
0259 26
0260 78
0261 100
0262 15
0263 73
0264 67
0265 7
0266 17
0267 49
0268 100
0269 53
0270 88
0271 78
0272 19
0273 52
0274 40
0275 59
0276 94
0277 13
0278 59
0279 58
0280 82
0281 67
0282 67
0283 86
0284 69
0285 3
0286 80
0287 21
0288 72
0289 41
0290 82
0291 61
0292 78
0293 1
0294 21
0295 8
0296 85
0297 69
0298 47
0299 51
0300 3
0301 76
0302 56
0303 11
0304 35
0305 72
0306 63
0307 25
0308 12
0309 19
0310 45
0311 61
0312 26
0313 0
0314 82
0315 23
0316 3
0317 5
0318 53
0319 88
0320 29
0321 24
0322 77
0323 18
0324 38
0325 77
0326 45
0327 26
0328 3
0329 60
0330 92
0331 71
0332 67
0333 77
0334 23
0335 10
0336 94
0337 90
0338 77
0339 43
0340 80
0341 52
0342 36
0343 18
0344 9
0345 89
0346 26
0347 50
0348 41
0349 13
0350 37
0351 12
0352 63
0353 34
0354 0
0355 22
0356 27
0357 31
0358 10
0359 60
0360 49
0361 65
0362 94
0363 49
0364 83
0365 67
0366 15
0367 92
0368 97
0369 63
0370 42
0371 33
0372 76
0373 77
0374 87
0375 61
0376 33
0377 71
0378 94
0379 43
0380 49
0381 61
0382 86
0383 67
0384 40
0385 32
0386 100
0387 33
0388 21
0389 31
0390 2
0391 43
0392 93
0393 35
0394 17
0395 93
0396 17
0397 15
0398 7
0399 56
0400 43
0401 82
0402 15
0403 80
0404 3
0405 25
0406 9
0407 59
0408 16
0409 15
0410 33
0411 49
0412 48
0413 91
0414 64
0415 62
0416 75
0417 17
0418 72
0419 9
0420 95
0421 50
0422 96
0423 20
0424 52
0425 88
0426 14
0427 56
0428 94
0429 100
0430 11
0431 39
0432 98
0433 76
0434 90
0435 61
0436 3
0437 47
0438 9
0439 6
0440 65
0441 96
0442 0
0443 80
0444 100
0445 88
0446 43
0447 20
0448 86
0449 52
0450 74
0451 61
0452 75
0453 90
0454 54
0455 67
0456 80
0457 29
0458 36
0459 22
0460 4
0461 96
0462 81
0463 89
0464 33
0465 68
0466 59
0467 1
0468 65
0469 70
0470 40
0471 39
0472 24
0473 74
0474 47
0475 75
0476 14
0477 45
0478 6
0479 3
0480 99
0481 23
0482 63
0483 78
0484 0
0485 22
0486 72
0487 37
0488 37
0489 11
0490 1
0491 47
0492 90
0493 52
0494 27
0495 23
0496 23
0497 27
0498 91
0499 9
0500 47
0501 99
0502 60
0503 27
0504 92
0505 79
0506 11
0507 0
0508 97
0509 83
0510 65
0511 26
0512 66
0513 71
0514 32
0515 35
0516 77
0517 55
0518 66
0519 57
0520 48
0521 15
0522 93
0523 12
0524 79
0525 96
0526 61
0527 71
0528 33
0529 80
0530 72
0531 58
0532 84
0533 74
0534 63
0535 0
0536 68
0537 39
0538 68
0539 66
0540 47
0541 59
0542 22
0543 51
0544 57
0545 33
0546 92
0547 88
0548 71
0549 79
0550 76
0551 69
0552 14
0553 15
0554 31
0555 37
0556 99
0557 47
0558 49
0559 6
0560 31
0561 10
0562 47
0563 94
0564 61
0565 0
0566 22
0567 65
0568 65
0569 69
0570 44
0571 94
0572 40
0573 26
0574 79
0575 70
0576 71
0577 21
0578 66
0579 22
0580 87
0581 33
0582 32
0583 42
0584 33
0585 5
0586 61
0587 42
0588 45
0589 25
0590 42
0591 64
0592 28
0593 45
0594 91
0595 37
0596 0
0597 58
0598 36
0599 90
0600 63
0601 54
0602 18
0603 83
0604 84
0605 19
0606 84
0607 48
0608 34
0609 64
0610 73
0611 21
0612 20
0613 40
0614 53
0615 76
0616 56
0617 97
0618 9
0619 95
0620 5
0621 66
0622 24
0623 24
0624 76
0625 73
0626 58
0627 40
0628 100
0629 82
0630 18
0631 48
0632 51
0633 42
0634 95
0635 27
0636 66
0637 71
0638 45
0639 8
0640 21
0641 44
0642 78
0643 10
0644 69
0645 9
0646 92
0647 8
0648 92
0649 8
0650 51
0651 11
0652 41
0653 95
0654 63
0655 46
0656 20
0657 6
0658 38
0659 29
0660 71
0661 5
0662 29
0663 11
0664 36
0665 69
0666 32
0667 92
0668 19
0669 15
0670 86
0671 2
0672 97
0673 44
0674 12
0675 26
0676 38
0677 86
0678 1
0679 54
0680 41
0681 79
0682 11
0683 76
0684 0
0685 48
0686 23
0687 74
0688 58
0689 35
0690 40
0691 49
0692 7
0693 54
0694 2
0695 97
0696 74
0697 58
0698 95
0699 23
0700 48
0701 77
0702 9
0703 43
0704 12
0705 4
0706 21
0707 48
0708 39
0709 60
0710 22
0711 51
0712 94
0713 18
0714 81
0715 93
0716 88
0717 22
0718 93
0719 0
0720 36
0721 46
0722 36
0723 14
0724 72
0725 33
0726 37
0727 18
0728 4
0729 13
0730 43
0731 73
0732 30
0733 45
0734 74
0735 36
0736 2
0737 68
0738 47
0739 77
0740 80
0741 18
0742 44
0743 66
0744 82
0745 14
0746 80
0747 48
0748 85
0749 40
0750 33
0751 89
0752 75
0753 78
0754 59
0755 91
0756 56
0757 29
0758 28
0759 29
0760 54
0761 39
0762 52
0763 30
0764 76
0765 76
0766 64
0767 94
0768 35
0769 39
0770 74
0771 17
0772 8
0773 18
0774 44
0775 37
0776 49
0777 95
0778 93
0779 96
0780 6
0781 88
0782 38
0783 30
0784 66
0785 33
0786 98
0787 49
0788 98
0789 43
0790 91
0791 82
0792 8
0793 7
0794 52
0795 89
0796 8
0797 31
0798 6
0799 67
0800 57
0801 1
0802 43
0803 54
0804 88
0805 82
0806 44
0807 2
0808 73
0809 94
0810 98
0811 13
0812 72
0813 11
0814 35
0815 20
0816 19
0817 44
0818 21
0819 18
0820 48
0821 82
0822 99
0823 44
0824 3
0825 97
0826 73
0827 94
0828 27
0829 89
0830 100
0831 79
0832 17
0833 80
0834 22
0835 77
0836 37
0837 79
0838 70
0839 5
0840 61
0841 59
0842 49
0843 99
0844 59
0845 45
0846 91
0847 5
0848 60
0849 26
0850 92
0851 96
0852 15
0853 91
0854 29
0855 100
0856 52
0857 94
0858 80
0859 38
0860 75
0861 91
0862 47
0863 55
0864 89
0865 26
0866 96
0867 72
0868 45
0869 8
0870 99
0871 74
0872 16
0873 100
0874 45
0875 28
0876 83
0877 55
0878 42
0879 7
0880 57
0881 87
0882 65
0883 52
0884 86
0885 45
0886 18
0887 7
0888 10
0889 36
0890 6
0891 30
0892 21
0893 18
0894 66
0895 60
0896 53
0897 15
0898 26
0899 42
0900 93
0901 99
0902 27
0903 83
0904 92
0905 50
0906 88
0907 12
0908 86
0909 51
0910 45
0911 64
0912 58
0913 78
0914 12
0915 95
0916 35
0917 12
0918 67
0919 87
0920 91
0921 46
0922 94
0923 91
0924 29
0925 51
0926 59
0927 6
0928 57
0929 49
0930 90
0931 97
0932 68
0933 46
0934 26
0935 29
0936 35
0937 70
0938 56
0939 24
0940 45
0941 10
0942 7
0943 32
0944 66
0945 9
0946 9
0947 62
0948 65
0949 79
0950 99
0951 32
0952 13
0953 96
0954 66
0955 41
0956 32
0957 0
0958 21
0959 75
0960 11
0961 1
0962 43
0963 14
0964 91
0965 39
0966 36
0967 12
0968 13
0969 60
0970 75
0971 18
0972 61
0973 72
0974 93
0975 80
0976 15
0977 98
0978 22
0979 7
0980 24
0981 43
0982 97
0983 77
0984 81
0985 30
0986 96
0987 75
0988 80
0989 19
0990 24
0991 92
0992 38
0993 92
0994 17
0995 32
0996 9
0997 80
0998 28
0999 92
